=== SHEET: Mar Performance ===
R01: ['Call Category', '(All)']
R02: ['Type', '(All)']
R04: ['Count of Workorder', 'Column Labels']
R05: ['Row Labels', 1, 2, 3, 4, 5, 'LS', 'No Response', 'Grand Total', 'RR', 'Detractor', 'Passive', 'Promoter', 'NPS', 'NPS Rank', 'RR Rank']
R06: ['Jitesh S Rath', 62, 25, 60, 60, 476, 104, 1361, 2148, 0.31797020484171323, 0.1273792093704246, 0.17569546120058566, 0.6969253294289898, 0.5695461200585652, 5, 4]
R07: ['Rajesh Limbachia', 39, 18, 34, 44, 426, 91, 1063, 1715, 0.3271137026239067, 0.10160427807486631, 0.13903743315508021, 0.7593582887700535, 0.6577540106951872, 2, 3]
R08: ['Shivaprasad P U', 39, 13, 48, 60, 469, 73, 1388, 2090, 0.3009569377990431, 0.08267090620031796, 0.17170111287758347, 0.7456279809220986, 0.6629570747217807, 1, 5]
R09: ['Sukhbir Singh', 88, 31, 97, 107, 856, 157, 1696, 3032, 0.3888522427440633, 0.10093299406276506, 0.17302798982188294, 0.726039016115352, 0.625106022052587, 3, 2]
R10: ['Tamilselvan Subramanian', 51, 14, 54, 95, 508, 61, 1039, 1822, 0.39626783754116357, 0.09002770083102493, 0.20637119113573407, 0.703601108033241, 0.6135734072022161, 4, 1]
R11: ['Grand Total', 279, 101, 293, 366, 2735, 486, 6547, 10807, 0.34921809938003145, 0.10068892421833599, 0.1746157922628511, 0.724695283518813, 0.624006359300477]
R15: ['Call Category', '(All)']
R16: ['Type', '(All)']
R18: ['Count of Workorder', 'Column Labels']
R19: ['Row Labels', 1, 2, 3, 4, 5, 'LS', 'No Response', 'Grand Total', 'RR', 'Detractor', 'Passive', 'Promoter', 'NPS', 'NPS Rank', 'RR Rank']
R20: ['Abhishek Kumar', 4, 1, 8, 7, 71, 10, 214, 315, 0.28888888888888886, 0.054945054945054944, 0.16483516483516483, 0.7802197802197802, 0.7252747252747253, 4, 32]
R21: ['Alpesh Rabari', 6, 7, 3, 11, 101, 17, 219, 364, 0.3516483516483517, 0.1015625, 0.109375, 0.7890625, 0.6875, 8, 18]
R22: ['Anisur Rehman Mullick', 17, 8, 19, 9, 101, 21, 323, 498, 0.3092369477911647, 0.16233766233766234, 0.18181818181818182, 0.6558441558441559, 0.49350649350649356, 32, 27]
R23: ['Arjun Singh', 7, 2, 5, 10, 51, 9, 129, 213, 0.352112676056338, 0.12, 0.2, 0.68, 0.56, 25, 17]
R24: ['Arun Bhatia', 23, 9, 33, 30, 154, 30, 324, 603, 0.4129353233830846, 0.1285140562248996, 0.25301204819277107, 0.6184738955823293, 0.48995983935742976, 33, 8]
R25: ['Ashwani kumar', 6, 5, 10, 6, 46, 4, 99, 176, 0.4147727272727273, 0.1506849315068493, 0.2191780821917808, 0.6301369863013698, 0.4794520547945205, 34, 7]
R26: ['Awadhesh Kumar Singh', 5, 4, 4, 9, 74, 16, 180, 292, 0.3287671232876712, 0.09375, 0.13541666666666666, 0.7708333333333334, 0.6770833333333334, 10, 21]
R27: ['D C Manikantha', 11, 2, 9, 6, 93, 15, 359, 495, 0.24444444444444444, 0.10743801652892562, 0.12396694214876033, 0.768595041322314, 0.6611570247933884, 13, 34]
R28: ['Deepan S', 5, None, 5, 20, 89, 8, 115, 242, 0.49173553719008267, 0.04201680672268908, 0.21008403361344538, 0.7478991596638656, 0.7058823529411765, 6, 3]
R29: ['Dnyaneshwar R Shelar', 5, 2, 5, 15, 93, 11, 196, 327, 0.3669724770642202, 0.058333333333333334, 0.16666666666666666, 0.775, 0.7166666666666667, 5, 15]
R30: ['Firoj Alam', 12, 3, 17, 13, 114, 20, 345, 524, 0.30343511450381677, 0.09433962264150944, 0.18867924528301888, 0.7169811320754716, 0.6226415094339622, 19, 29]
R31: ['Gajender Chandel', 16, 4, 10, 14, 123, 21, 233, 421, 0.39667458432304037, 0.11976047904191617, 0.1437125748502994, 0.7365269461077845, 0.6167664670658684, 20, 10]
R32: ['Gulam Moula Laskar', 6, 3, 8, 12, 60, 15, 168, 272, 0.3272058823529412, 0.10112359550561797, 0.2247191011235955, 0.6741573033707865, 0.5730337078651685, 23, 23]
R33: ['Hem Chandra Joshi', 5, 3, 6, 5, 103, 8, 146, 276, 0.4420289855072464, 0.06557377049180328, 0.09016393442622951, 0.8442622950819673, 0.778688524590164, 1, 4]
R34: ['K.Venkateswarlu', 5, None, 8, 10, 64, 5, 73, 165, 0.5272727272727272, 0.05747126436781609, 0.20689655172413793, 0.735632183908046, 0.6781609195402298, 9, 1]
R35: ['Kamal kant', 11, 2, 12, 13, 79, 24, 180, 321, 0.3644859813084112, 0.1111111111111111, 0.21367521367521367, 0.6752136752136753, 0.5641025641025641, 24, 16]
R36: ['Koshi Jain', 4, 1, 8, 6, 73, 16, 198, 306, 0.3006535947712418, 0.05434782608695652, 0.15217391304347827, 0.7934782608695652, 0.7391304347826086, 3, 30]
R37: ['Madhukesh Sharma', 12, 5, 13, 10, 132, 29, 261, 462, 0.3722943722943723, 0.09883720930232558, 0.13372093023255813, 0.7674418604651163, 0.6686046511627908, 12, 14]
R38: ['Md Tanweer Alam', 18, 4, 8, 9, 90, 23, 270, 422, 0.3056872037914692, 0.17054263565891473, 0.13178294573643412, 0.6976744186046512, 0.5271317829457365, 30, 28]
R39: ['Mohd. Shadan Aaqil', 4, 1, 3, 10, 49, 8, 81, 156, 0.42948717948717946, 0.07462686567164178, 0.19402985074626866, 0.7313432835820896, 0.6567164179104478, 14, 6]
R40: ['Nafis Ahmed', 5, 2, 3, 5, 73, 10, 184, 282, 0.3120567375886525, 0.07954545454545454, 0.09090909090909091, 0.8295454545454546, 0.75, 2, 26]
R41: ['Prasanta Barik', 7, None, 11, 12, 53, 7, 171, 261, 0.31800766283524906, 0.08433734939759036, 0.27710843373493976, 0.6385542168674698, 0.5542168674698795, 27, 25]
R42: ['Prashanth Kumar', 8, 4, 3, 14, 58, 8, 103, 198, 0.4393939393939394, 0.13793103448275862, 0.19540229885057472, 0.6666666666666666, 0.5287356321839081, 29, 5]
R43: ['Praveen Kumar', 3, 3, 7, 7, 52, 9, 107, 188, 0.3829787234042553, 0.08333333333333333, 0.19444444444444445, 0.7222222222222222, 0.6388888888888888, 18, 12]
R44: ['Praveendas K', 10, 2, 5, 2, 60, 5, 146, 230, 0.34347826086956523, 0.1518987341772152, 0.08860759493670886, 0.759493670886076, 0.6075949367088608, 21, 19]
R45: ['Pushpendra Singh', 15, 5, 8, 8, 147, 37, 389, 609, 0.30049261083743845, 0.1092896174863388, 0.08743169398907104, 0.8032786885245902, 0.6939890710382514, 7, 31]
R46: ['Rahul Kumar', 4, 3, 4, 8, 37, 9, 75, 140, 0.4, 0.125, 0.21428571428571427, 0.6607142857142857, 0.5357142857142857, 28, 9]
R47: ['Raja R', 2, 2, 9, 15, 37, 2, 59, 126, 0.5158730158730159, 0.06153846153846154, 0.36923076923076925, 0.5692307692307692, 0.5076923076923077, 31, 2]
R48: ['Sathish Kumar B', 7, 4, 8, 12, 96, 17, 243, 387, 0.3281653746770026, 0.08661417322834646, 0.15748031496062992, 0.7559055118110236, 0.6692913385826772, 11, 22]
R49: ['Sathya S', 3, 4, 7, 12, 66, 10, 140, 242, 0.38016528925619836, 0.07608695652173914, 0.20652173913043478, 0.717391304347826, 0.6413043478260869, 16, 13]
R50: ['Shubham Singh', 9, 2, 10, 13, 91, 18, 180, 323, 0.38699690402476783, 0.088, 0.184, 0.728, 0.64, 17, 11]
R51: ['Soukeen Khan', 8, None, 5, 13, 59, 17, 158, 260, 0.3269230769230769, 0.09411764705882353, 0.21176470588235294, 0.6941176470588235, 0.6, 22, 24]
R52: ['Sushil R. Turkar', 10, 1, 10, 9, 89, 19, 322, 460, 0.25869565217391305, 0.09243697478991597, 0.15966386554621848, 0.7478991596638656, 0.6554621848739496, 15, 33]
R53: ['Vikram Singh Rajput', 6, 3, 9, 11, 57, 8, 157, 251, 0.3426294820717131, 0.10465116279069768, 0.23255813953488372, 0.6627906976744186, 0.5581395348837209, 26, 20]
R54: ['Grand Total', 279, 101, 293, 366, 2735, 486, 6547, 10807, 0.34921809938003145, 0.10068892421833599, 0.1746157922628511, 0.724695283518813, 0.624006359300477]
R62: ['Count of Workorder', 'Column Labels']
R63: ['Row Labels', 'Repair Quality', 'Delay in Service', 'ASP Behaviour', 'Replacement / Product Quality Issue', 'High Repair Cost', 'Deny in Service', 'Satisfied with Service', 'Grand Total', 'Repair Quality %', 'Delay in Service %', 'Replacement / Product Quality Issue %', 'ASP Behaviour %', 'High Repair Cost', 'Deny in Service', 'Satisfied with Service', 'Grand Total']
R64: ['Sukhbir Singh', 45, 21, 5, 9, 4, 1, 41, 126, 0.35714285714285715, 0.16666666666666666, 0.03968253968253968, 0.07142857142857142, 0.031746031746031744, 0.007936507936507936, 0.3253968253968254, 1]
R65: ['Jitesh S Rath', 19, 20, 11, 1, 4, None, 31, 86, 0.22093023255813954, 0.23255813953488372, 0.12790697674418605, 0.011627906976744186, 0.046511627906976744, 0, 0.36046511627906974, 1]
R66: ['Rajesh Limbachia', 15, 8, 11, 4, 2, None, 22, 62, 0.24193548387096775, 0.12903225806451613, 0.1774193548387097, 0.06451612903225806, 0.03225806451612903, 0, 0.3548387096774194, 1]
R67: ['Shivaprasad P U', 8, 6, 8, 3, 1, None, 23, 49, 0.16326530612244897, 0.12244897959183673, 0.16326530612244897, 0.061224489795918366, 0.02040816326530612, 0, 0.46938775510204084, 1]
R68: ['Tamilselvan Subramanian', 8, 2, 3, 3, 5, None, 19, 40, 0.2, 0.05, 0.075, 0.075, 0.125, 0, 0.475, 1]
R69: ['Grand Total', 95, 57, 38, 20, 16, 1, 136, 363, 0.26170798898071623, 0.15702479338842976, 0.1046831955922865, 0.05509641873278237, 0.0440771349862259, 0.0027548209366391185, 0.3746556473829201, 1]
